#points
14
39.000000 14.000000
31.000000 13.000000
1.000000 19.000000
43.000000 8.000000
45.000000 0.000000
8.000000 43.000000
24.000000 10.000000
1.000000 36.000000
9.000000 8.000000
49.000000 23.000000
27.000000 4.000000
47.000000 11.500000
28.500000 33.000000
22.936441 22.148306

#edges
30
6 13
13 8
8 6
4 3
3 10
10 4
7 2
2 13
13 7
6 1
1 13
4 11
11 3
8 10
10 6
12 13
1 12
11 9
9 0
0 11
3 1
1 10
9 12
12 0
0 1
3 0
13 5
5 7
2 8
12 5

#triangles
17
1 2 3 0
4 5 6 0
7 8 9 0
10 11 -1 0
-4 12 13 0
-3 14 15 0
16 -11 17 0
18 19 20 0
21 22 -5 0
-19 23 24 0
25 -21 26 0
-26 -13 -20 0
27 28 -9 0
-24 -17 -25 0
-10 -15 -22 0
-2 -8 29 0
-16 30 -27 0

#end
